[0, 0, 0, 0, 0, 0, 0, 0, 0, 0]
0

[0, 0, 0, 0, 0, 0, 0, 0, 0, 1]
72
[0, 0, 0, 0, 0, 0, 0, 0, 0, 2]
144
[0, 0, 0, 0, 0, 0, 1, 0, 1, 0]
154
[0, 0, 0, 0, 0, 1, 2, 0, 0, 0]
177
[0, 0, 0, 0, 3, 0, 0, 0, 0, 0]
180
[0, 0, 0, 1, 0, 1, 0, 0, 0, 1]
183
[0, 0, 0, 1, 0, 3, 0, 0, 0, 0]
197
[0, 0, 0, 2, 0, 0, 1, 0, 0, 0]
203
[0, 0, 0, 2, 0, 2, 0, 0, 0, 0]
222
[0, 0, 1, 2, 0, 1, 0, 0, 0, 0]
228
[0, 0, 1, 3, 0, 0, 0, 0, 0, 0]
253
[0, 0, 4, 1, 0, 0, 0, 0, 0, 0]
264
[0, 1, 3, 1, 0, 0, 0, 0, 0, 0]
272
[0, 2, 2, 1, 0, 0, 0, 0, 0, 0]
280
[0, 5, 0, 0, 0, 0, 0, 0, 0, 0]
285
[1, 0, 0, 2, 1, 0, 0, 0, 0, 0]
288
[1, 0, 0, 3, 0, 0, 0, 0, 0, 0]
296
[1, 0, 2, 1, 0, 1, 0, 0, 0, 0]
301
[1, 0, 3, 1, 0, 0, 0, 0, 0, 0]
307
[1, 1, 1, 1, 0, 1, 0, 0, 0, 0]
309
[1, 1, 2, 1, 0, 0, 0, 0, 0, 0]
315
[1, 2, 1, 1, 0, 0, 0, 0, 0, 0]
323
[1, 3, 0, 1, 0, 0, 0, 0, 0, 0]
331
[2, 0, 1, 1, 0, 1, 0, 0, 0, 0]
344
[2, 0, 1, 2, 0, 0, 0, 0, 0, 0]
369
[2, 0, 4, 0, 0, 0, 0, 0, 0, 0]
380
[2, 1, 3, 0, 0, 0, 0, 0, 0, 0]
388
[3, 0, 0, 2, 0, 0, 0, 0, 0, 0]
412
[3, 0, 2, 0, 0, 1, 0, 0, 0, 0]
417
[3, 0, 3, 0, 0, 0, 0, 0, 0, 0]
423
[3, 1, 2, 0, 0, 0, 0, 0, 0, 0]
431
[3, 2, 1, 0, 0, 0, 0, 0, 0, 0]
439
[3, 3, 0, 0, 0, 0, 0, 0, 0, 0]
447
[4, 0, 1, 0, 0, 1, 0, 0, 0, 0]
460
[4, 0, 1, 1, 0, 0, 0, 0, 0, 0]
485
[5, 0, 0, 0, 0, 1, 0, 0, 0, 0]
503
[5, 0, 0, 1, 0, 0, 0, 0, 0, 0]
528
[6, 0, 0, 0, 0, 0, 0, 0, 0, 0]
552
[7, 0, 0, 0, 0, 0, 0, 0, 0, 0]
644
[7, 0, 0, 0, 0, 0, 0, 0, 0, 0]